%YAML:1.0
---
H: !!opencv-matrix
   rows: 3
   cols: 3
   dt: d
   data: [ -1.6745629799052459e+00, -1.6337199803953619e+00,
       7.8418559058977371e+02, 7.1277014245527289e-16,
       -6.5144584218265074e+00, 2.0585688612971762e+03,
       1.3198101761208508e-18, -6.5348799215814478e-03, 1. ]
