%YAML:1.0
---
H: !!opencv-matrix
   rows: 3
   cols: 3
   dt: d
   data: [ -0.87016690430260879, -0.83871508848444232,
       402.58324247253233, 0., -3.3443764153317139, 1050.1341944141582,
       5.131555734115023e-19, -0.0067097207078755383, 1. ]
