%YAML:1.0
---
H: !!opencv-matrix
   rows: 3
   cols: 3
   dt: d
   data: [ -7.1691176470588287e+00, -5.8210784313725528e+00,
       1.3970588235294126e+03, 0., -1.9607843137254918e+01,
       2.4117647058823550e+03, 1.7318809366339715e-18,
       -2.3284313725490214e-02, 1. ]
